Effects=FakeHDR.fx,AdaptiveSharpen.fx,Colourfulness.fx,Vignette.fx,LumaSharpen.fx,Levels.fx
KeyVignette=115,1,0,0
Techniques=HDR,Vignette,Levels,Colourfulness
KeyHDR=117,1,0,0
KeyLevels=114,1,0,0
TechniqueSorting=AdaptiveSharpen,HDR,LumaSharpen,Vignette,Levels,Colourfulness,Tint
KeyLumaSharpen=118,1,0,0
KeyColourfulness=116,1,0,0
KeyAdaptiveSharpen=119,1,0,0

[AdaptiveSharpen.fx]
curve_height=1.000000
L_compr_low=0.167000
D_compr_low=0.250000
curveslope=0.500000
L_overshoot=0.003000
D_overshoot=0.009000
L_compr_high=0.334000
D_compr_high=0.500000
scale_lim=0.100000
scale_cs=0.056000
pm_p=0.700000

[HQ4X.fx]
k=-1.100000
s=1.500000
mx=1.000000
max_w=0.750000
lum_add=0.330000
min_w=0.030000

[FakeHDR.fx]
HDRPower=1.300000
radius1=0.793000
radius2=0.870000

[Vignette.fx]
Type=0
Center=0.500000,0.500000
Ratio=2.198000
Radius=1.520000
Amount=2.000000
Slope=1

[LumaSharpen.fx]
sharp_strength=0.679000
pattern=1
sharp_clamp=0.070000
offset_bias=1.000000
show_sharpen=0

[Colourfulness.fx]
colourfulness=1.000000
lim_luma=0.700000

[Curves.fx]
Mode=0
Formula=8
Contrast=1.000000

[LightDoF.fx]
fLightDoF_Width=5.000000
f2LightDoF_CA=0.000000,1.000000
f2Bokeh_AutoFocusCenter=0.500000,0.500000
fLightDoF_Amount=10.000000
bLightDoF_UseCA=0
bLightDoF_AutoFocus=1
fLightDoF_ManualFocus=0.000000
bLightDoF_UseMouseFocus=0
fLightDoF_AutoFocusSpeed=0.100000

[Levels.fx]
BlackPoint=0
WhitePoint=146
HighlightClipping=0

[Technicolor2.fx]
ColorStrength=0.200000,0.200000,0.200000
Saturation=1.000000
Brightness=1.000000
Strength=1.000000

[Technicolor.fx]
Power=4.000000
RGBNegativeAmount=0.880000,0.880000,0.880000
Strength=0.400000

[FilmicPass.fx]
Strength=0.850000
Linearization=0.500000
Fade=0.400000
Contrast=1.000000
Bleach=0.000000
Saturation=-0.150000
RedCurve=1.000000
GreenCurve=1.000000
BlueCurve=1.000000
BaseCurve=1.500000
BaseGamma=1.000000
EffectGamma=0.650000
EffectGammaR=1.000000
EffectGammaG=1.000000
EffectGammaB=1.000000
LumCoeff=0.212656,0.715158,0.072186

[Sepia.fx]
Tint=0.550000,0.430000,0.420000
Strength=0.580000

[Tonemap.fx]
Gamma=1.000000
Bleach=0.000000
Defog=0.000000
Exposure=0.000000
Saturation=0.000000
FogColor=0.000000,0.000000,1.000000

